Case #1: 13 2 2 2 2 2 2 2 2 3 7 13 1 1
Case #2: 12 2 3 3 5 5 5 5 5 5 1 1 1
Case #3: -1
Case #4: 5 3 17 19 1 1
Case #5: 17 2 2 2 2 3 3 5 7 7 1 1 1 1 1 1 1 1
Case #6: 23 2 2 3 3 3 3 5 5 1 1 1 1 1 1 1 1 1 1 1 1 1 1 1
Case #7: 32 2 2 2 7 1 1 1 1 1 1 1 1 1 1 1 1 1 1 1 1 1 1 1 1 1 1 1 1 1 1 1 1
Case #8: 14 2 2 2 3 3 3 3 17 1 1 1 1 1 1
Case #9: 28 2 2 2 2 2 2 2 3 5 1 1 1 1 1 1 1 1 1 1 1 1 1 1 1 1 1 1 1
Case #10: -1
Case #11: 20 2 2 2 2 2 3 5 11 1 1 1 1 1 1 1 1 1 1 1 1
Case #12: 21 2 2 2 2 3 3 3 11 1 1 1 1 1 1 1 1 1 1 1 1 1
Case #13: -1
Case #14: 20 2 3 7 13 1 1 1 1 1 1 1 1 1 1 1 1 1 1 1 1
Case #15: -1
Case #16: 21 2 2 2 2 2 2 2 2 2 2 2 2 3 3 3 3 1 1 1 1 1
Case #17: 15 2 2 3 3 3 3 3 3 7 7 1 1 1 1 1
Case #18: 14 2 2 2 2 2 3 5 5 13 1 1 1 1 1
Case #19: 15 2 2 2 2 3 5 5 7 7 1 1 1 1 1 1
Case #20: 29 2 2 11 1 1 1 1 1 1 1 1 1 1 1 1 1 1 1 1 1 1 1 1 1 1 1 1 1 1
Case #21: 22 2 2 2 2 2 3 5 5 5 1 1 1 1 1 1 1 1 1 1 1 1 1
Case #22: 15 2 2 2 2 2 2 3 5 5 5 7 1 1 1 1
Case #23: 21 2 2 2 2 2 2 2 2 3 3 3 3 5 1 1 1 1 1 1 1 1
Case #24: 15 2 2 2 2 3 3 7 7 7 1 1 1 1 1 1
Case #25: 14 2 2 2 2 2 5 7 7 7 1 1 1 1 1
Case #26: 30 2 2 2 2 2 3 3 3 1 1 1 1 1 1 1 1 1 1 1 1 1 1 1 1 1 1 1 1 1 1
Case #27: 17 2 2 2 2 5 5 5 5 5 1 1 1 1 1 1 1 1
Case #28: -1
Case #29: -1
Case #30: 20 2 3 3 3 3 3 3 3 3 5 1 1 1 1 1 1 1 1 1 1
Case #31: 17 2 2 2 2 2 2 2 2 3 3 3 3 5 5 1 1 1
Case #32: 13 2 2 2 2 3 3 5 17 1 1 1 1 1
Case #33: 24 2 3 3 3 3 3 3 3 3 1 1 1 1 1 1 1 1 1 1 1 1 1 1 1
Case #34: 24 2 2 2 2 2 2 2 2 2 3 3 3 3 1 1 1 1 1 1 1 1 1 1 1
Case #35: 34 2 3 3 3 1 1 1 1 1 1 1 1 1 1 1 1 1 1 1 1 1 1 1 1 1 1 1 1 1 1 1 1 1 1
Case #36: 24 2 2 2 2 2 2 2 2 2 2 2 2 2 2 2 3 1 1 1 1 1 1 1 1
Case #37: 11 2 2 2 2 3 3 5 19 1 1 1
Case #38: 8 2 2 2 3 13 17 1 1
Case #39: 16 2 2 2 2 2 3 3 3 3 7 7 1 1 1 1 1
Case #40: 21 2 2 2 2 3 3 3 3 3 3 3 3 1 1 1 1 1 1 1 1 1
Case #41: 34 2 7 1 1 1 1 1 1 1 1 1 1 1 1 1 1 1 1 1 1 1 1 1 1 1 1 1 1 1 1 1 1 1 1
Case #42: 16 2 2 2 2 2 3 3 5 5 5 5 1 1 1 1 1
Case #43: 27 3 3 3 3 7 1 1 1 1 1 1 1 1 1 1 1 1 1 1 1 1 1 1 1 1 1 1
Case #44: 37 2 2 2 2 1 1 1 1 1 1 1 1 1 1 1 1 1 1 1 1 1 1 1 1 1 1 1 1 1 1 1 1 1 1 1 1 1
Case #45: 28 2 2 2 2 2 2 2 2 2 3 3 1 1 1 1 1 1 1 1 1 1 1 1 1 1 1 1 1
Case #46: -1
Case #47: -1
Case #48: -1
Case #49: 27 2 2 2 2 3 3 3 5 1 1 1 1 1 1 1 1 1 1 1 1 1 1 1 1 1 1 1
Case #50: 21 2 2 2 2 2 2 2 2 3 3 3 7 1 1 1 1 1 1 1 1 1
Case #51: 23 3 3 3 5 5 5 1 1 1 1 1 1 1 1 1 1 1 1 1 1 1 1 1
Case #52: 21 2 2 2 2 2 2 2 2 2 2 2 2 2 2 3 3 3 1 1 1 1
Case #53: -1
Case #54: 27 3 3 11 1 1 1 1 1 1 1 1 1 1 1 1 1 1 1 1 1 1 1 1 1 1 1 1
Case #55: 18 2 2 2 2 2 2 2 2 2 5 5 7 1 1 1 1 1 1
Case #56: 13 29 1 1 1 1 1 1 1 1 1 1 1 1
Case #57: 18 2 2 2 2 2 2 2 2 2 3 3 5 7 1 1 1 1 1
Case #58: 26 2 2 2 3 3 3 3 5 1 1 1 1 1 1 1 1 1 1 1 1 1 1 1 1 1 1
Case #59: -1
Case #60: 23 2 2 2 2 2 2 2 2 5 7 1 1 1 1 1 1 1 1 1 1 1 1 1
Case #61: 19 2 2 2 2 2 2 2 2 2 2 2 2 3 5 5 1 1 1 1
Case #62: 25 3 3 13 1 1 1 1 1 1 1 1 1 1 1 1 1 1 1 1 1 1 1 1 1 1
Case #63: -1
Case #64: -1
Case #65: 38 2 2 2 1 1 1 1 1 1 1 1 1 1 1 1 1 1 1 1 1 1 1 1 1 1 1 1 1 1 1 1 1 1 1 1 1 1 1
Case #66: 27 2 2 2 2 3 3 7 1 1 1 1 1 1 1 1 1 1 1 1 1 1 1 1 1 1 1 1
Case #67: 22 2 2 2 2 2 2 2 2 2 2 2 2 2 2 2 2 2 3 1 1 1 1
Case #68: -1
Case #69: 21 2 2 2 2 3 3 7 7 1 1 1 1 1 1 1 1 1 1 1 1 1
Case #70: 16 2 3 3 5 7 11 1 1 1 1 1 1 1 1 1 1
Case #71: 21 2 2 19 1 1 1 1 1 1 1 1 1 1 1 1 1 1 1 1 1 1
Case #72: 13 7 11 13 1 1 1 1 1 1 1 1 1 1
Case #73: 16 2 2 2 3 3 3 5 7 7 1 1 1 1 1 1 1
Case #74: 21 2 2 2 2 2 2 2 2 2 2 2 2 2 2 2 2 3 3 1 1 1
Case #75: -1
Case #76: 19 2 2 2 2 3 3 3 3 3 5 5 1 1 1 1 1 1 1 1
Case #77: 15 2 2 2 2 3 3 3 3 3 3 5 7 1 1 1
Case #78: 19 23 1 1 1 1 1 1 1 1 1 1 1 1 1 1 1 1 1 1
Case #79: -1
Case #80: 11 2 2 2 2 3 5 5 5 13 1 1
Case #81: 16 2 2 2 2 2 2 2 3 3 3 13 1 1 1 1 1
Case #82: -1
Case #83: -1
Case #84: -1
Case #85: 39 2 2 1 1 1 1 1 1 1 1 1 1 1 1 1 1 1 1 1 1 1 1 1 1 1 1 1 1 1 1 1 1 1 1 1 1 1 1 1
Case #86: 25 2 2 2 2 3 3 3 7 1 1 1 1 1 1 1 1 1 1 1 1 1 1 1 1 1
Case #87: 12 2 3 3 3 3 3 5 5 11 1 1 1
Case #88: 22 2 2 2 2 2 2 2 3 5 7 1 1 1 1 1 1 1 1 1 1 1 1
Case #89: -1
Case #90: 13 2 2 2 2 3 5 19 1 1 1 1 1 1
Case #91: 22 2 2 2 2 2 3 3 3 3 3 5 1 1 1 1 1 1 1 1 1 1 1
Case #92: 14 2 2 2 5 5 7 11 1 1 1 1 1 1 1
Case #93: 24 2 2 2 2 2 2 2 2 2 2 2 3 3 3 1 1 1 1 1 1 1 1 1 1
Case #94: 25 2 2 2 2 3 3 3 3 5 1 1 1 1 1 1 1 1 1 1 1 1 1 1 1 1
Case #95: 23 2 2 2 2 2 2 2 2 3 5 5 1 1 1 1 1 1 1 1 1 1 1 1
Case #96: 32 2 2 2 3 3 3 1 1 1 1 1 1 1 1 1 1 1 1 1 1 1 1 1 1 1 1 1 1 1 1 1 1
Case #97: 33 3 3 3 3 1 1 1 1 1 1 1 1 1 1 1 1 1 1 1 1 1 1 1 1 1 1 1 1 1 1 1 1 1
Case #98: -1
Case #99: 17 2 2 2 2 2 2 2 2 3 5 5 7 1 1 1 1 1
Case #100: -1
Case #101: -1
Case #102: -1
Case #103: 17 2 2 2 2 2 2 3 3 3 5 5 5 1 1 1 1 1
Case #104: 13 2 2 2 2 3 3 11 11 1 1 1 1 1
Case #105: 29 3 5 7 1 1 1 1 1 1 1 1 1 1 1 1 1 1 1 1 1 1 1 1 1 1 1 1 1 1
Case #106: 10 2 31 1 1 1 1 1 1 1 1
Case #107: 14 2 2 2 2 2 2 2 3 7 13 1 1 1 1
Case #108: 12 2 3 3 5 5 5 7 7 1 1 1 1
Case #109: -1
Case #110: 31 3 3 7 1 1 1 1 1 1 1 1 1 1 1 1 1 1 1 1 1 1 1 1 1 1 1 1 1 1 1 1
Case #111: 23 2 2 2 2 2 2 2 2 2 2 2 2 2 2 3 3 1 1 1 1 1 1 1
Case #112: 18 2 2 2 2 2 2 2 3 3 3 3 3 7 1 1 1 1 1
Case #113: 22 2 2 2 2 2 5 5 7 1 1 1 1 1 1 1 1 1 1 1 1 1 1
Case #114: 10 2 2 2 3 5 7 7 11 1 1
Case #115: -1
Case #116: 23 2 2 2 2 2 2 3 3 5 5 1 1 1 1 1 1 1 1 1 1 1 1 1
Case #117: 11 2 2 2 2 3 5 5 7 11 1 1
Case #118: 20 2 2 2 2 2 2 2 2 2 2 2 3 3 7 1 1 1 1 1 1
Case #119: -1
Case #120: 16 2 2 2 3 3 5 5 5 7 1 1 1 1 1 1 1
Case #121: 31 2 2 2 2 2 2 3 3 1 1 1 1 1 1 1 1 1 1 1 1 1 1 1 1 1 1 1 1 1 1 1
Case #122: 16 2 2 2 2 2 2 2 2 2 5 7 7 1 1 1 1
Case #123: 16 2 3 3 5 17 1 1 1 1 1 1 1 1 1 1 1
Case #124: 16 2 2 2 2 2 3 3 3 3 13 1 1 1 1 1 1
Case #125: 25 2 2 2 2 2 2 3 5 5 1 1 1 1 1 1 1 1 1 1 1 1 1 1 1 1
Case #126: 13 2 2 2 2 2 2 3 5 5 7 7 1 1
Case #127: 17 2 2 2 2 3 7 7 7 1 1 1 1 1 1 1 1 1
Case #128: -1
Case #129: 13 2 2 3 3 3 5 17 1 1 1 1 1 1
Case #130: -1
Case #131: 19 2 2 2 2 2 2 3 3 3 5 7 1 1 1 1 1 1 1 1
Case #132: -1
Case #133: 14 2 2 2 3 3 3 7 7 7 1 1 1 1 1
Case #134: -1
Case #135: 27 2 2 2 2 2 2 2 2 2 2 5 1 1 1 1 1 1 1 1 1 1 1 1 1 1 1 1
Case #136: 21 2 2 2 2 2 2 2 2 2 2 2 2 3 3 5 1 1 1 1 1 1
Case #137: 22 2 2 2 2 2 2 2 2 2 2 2 2 2 2 2 2 2 2 2 1 1 1
Case #138: 18 2 2 2 2 2 2 2 2 2 2 2 2 2 3 5 5 1 1
Case #139: 16 2 3 3 3 7 13 1 1 1 1 1 1 1 1 1 1
Case #140: 17 2 2 3 5 5 13 1 1 1 1 1 1 1 1 1 1 1
Case #141: 20 2 2 2 2 2 2 2 2 2 2 2 2 2 2 2 3 5 1 1 1
Case #142: 18 2 2 2 3 3 5 13 1 1 1 1 1 1 1 1 1 1 1
Case #143: 26 2 2 2 3 3 5 5 1 1 1 1 1 1 1 1 1 1 1 1 1 1 1 1 1 1 1
Case #144: 14 2 3 3 5 5 5 5 7 1 1 1 1 1 1
Case #145: 17 2 2 2 2 2 2 7 7 7 1 1 1 1 1 1 1 1
Case #146: 26 2 3 3 3 3 7 1 1 1 1 1 1 1 1 1 1 1 1 1 1 1 1 1 1 1 1
Case #147: 16 2 2 2 3 3 3 3 3 7 7 1 1 1 1 1 1
Case #148: 12 2 2 2 3 3 3 5 7 11 1 1 1
Case #149: 26 2 5 11 1 1 1 1 1 1 1 1 1 1 1 1 1 1 1 1 1 1 1 1 1 1 1
Case #150: 13 2 2 3 3 3 5 7 11 1 1 1 1 1
Case #151: 26 2 2 2 2 2 2 2 2 2 2 2 2 2 2 2 1 1 1 1 1 1 1 1 1 1 1
Case #152: 34 2 2 2 3 3 1 1 1 1 1 1 1 1 1 1 1 1 1 1 1 1 1 1 1 1 1 1 1 1 1 1 1 1 1
Case #153: 18 2 2 2 2 2 2 2 2 2 3 5 5 5 1 1 1 1 1
Case #154: 40 2 1 1 1 1 1 1 1 1 1 1 1 1 1 1 1 1 1 1 1 1 1 1 1 1 1 1 1 1 1 1 1 1 1 1 1 1 1 1 1
Case #155: 18 2 2 2 2 2 2 2 2 2 3 3 11 1 1 1 1 1 1
Case #156: 22 2 2 2 2 2 2 2 2 2 2 2 2 2 3 3 3 1 1 1 1 1 1
Case #157: 19 2 2 3 3 3 3 3 5 7 1 1 1 1 1 1 1 1 1 1
Case #158: -1
Case #159: 39 3 1 1 1 1 1 1 1 1 1 1 1 1 1 1 1 1 1 1 1 1 1 1 1 1 1 1 1 1 1 1 1 1 1 1 1 1 1 1
Case #160: 13 2 2 2 2 3 3 3 3 5 13 1 1 1
Case #161: -1
Case #162: 14 2 3 3 3 3 3 3 3 3 5 7 1 1 1
Case #163: -1
Case #164: 17 2 2 3 3 3 3 3 3 3 3 3 5 1 1 1 1 1
Case #165: -1
Case #166: 18 2 2 2 2 2 2 2 3 3 3 3 3 3 5 1 1 1 1
Case #167: 16 2 2 2 3 3 3 5 5 5 5 1 1 1 1 1 1
Case #168: -1
Case #169: -1
Case #170: 35 2 2 2 2 3 1 1 1 1 1 1 1 1 1 1 1 1 1 1 1 1 1 1 1 1 1 1 1 1 1 1 1 1 1 1
Case #171: 9 2 2 31 1 1 1 1 1 1
Case #172: 24 2 2 2 2 2 3 5 7 1 1 1 1 1 1 1 1 1 1 1 1 1 1 1 1
Case #173: 10 2 2 2 3 11 17 1 1 1 1
Case #174: -1
Case #175: -1
Case #176: -1
Case #177: 18 2 2 2 2 2 2 2 2 2 2 2 3 11 1 1 1 1 1
Case #178: -1
Case #179: 13 2 2 2 2 3 5 7 13 1 1 1 1 1
Case #180: 10 2 2 2 3 7 11 11 1 1 1
Case #181: 18 2 2 2 2 2 2 2 2 2 3 3 3 5 5 1 1 1 1
Case #182: -1
Case #183: 14 2 2 2 2 2 2 2 3 5 5 11 1 1 1
Case #184: 15 2 2 2 2 7 17 1 1 1 1 1 1 1 1 1
Case #185: 16 2 3 5 7 13 1 1 1 1 1 1 1 1 1 1 1
Case #186: -1
Case #187: 14 2 2 2 2 2 2 2 2 2 3 5 13 1 1
Case #188: -1
Case #189: 20 2 2 2 3 3 5 11 1 1 1 1 1 1 1 1 1 1 1 1 1
Case #190: 14 2 2 2 3 3 3 3 5 13 1 1 1 1 1
Case #191: 16 2 2 2 2 2 3 3 7 11 1 1 1 1 1 1 1
Case #192: 15 2 2 2 2 2 2 3 3 5 5 5 5 1 1 1
Case #193: 17 2 2 2 2 5 5 13 1 1 1 1 1 1 1 1 1 1
Case #194: -1
Case #195: 15 2 2 3 3 3 3 5 5 5 5 1 1 1 1 1
Case #196: 26 2 3 13 1 1 1 1 1 1 1 1 1 1 1 1 1 1 1 1 1 1 1 1 1 1 1
Case #197: -1
Case #198: 31 11 1 1 1 1 1 1 1 1 1 1 1 1 1 1 1 1 1 1 1 1 1 1 1 1 1 1 1 1 1 1
Case #199: 31 2 2 2 2 2 2 2 2 3 1 1 1 1 1 1 1 1 1 1 1 1 1 1 1 1 1 1 1 1 1 1
Case #200: 26 2 3 3 3 3 3 3 3 1 1 1 1 1 1 1 1 1 1 1 1 1 1 1 1 1 1
Case #201: 31 2 2 2 2 7 1 1 1 1 1 1 1 1 1 1 1 1 1 1 1 1 1 1 1 1 1 1 1 1 1 1
Case #202: 15 2 2 3 3 3 5 5 11 1 1 1 1 1 1 1
Case #203: -1
Case #204: 3 3 37 1
Case #205: 33 3 7 1 1 1 1 1 1 1 1 1 1 1 1 1 1 1 1 1 1 1 1 1 1 1 1 1 1 1 1 1 1 1
Case #206: 10 2 3 3 5 5 19 1 1 1 1
Case #207: 20 2 2 2 2 2 3 3 3 5 7 1 1 1 1 1 1 1 1 1 1
Case #208: -1
Case #209: 22 2 2 2 2 2 2 2 2 2 3 3 3 5 1 1 1 1 1 1 1 1 1
Case #210: 20 2 2 2 2 2 2 2 2 2 3 3 3 3 3 3 1 1 1 1 1
Case #211: -1
Case #212: 24 2 17 1 1 1 1 1 1 1 1 1 1 1 1 1 1 1 1 1 1 1 1 1 1
Case #213: 21 2 2 2 2 2 2 2 2 2 2 3 5 5 1 1 1 1 1 1 1 1
Case #214: 3 11 13 17
Case #215: 21 3 19 1 1 1 1 1 1 1 1 1 1 1 1 1 1 1 1 1 1 1
Case #216: 16 2 2 2 2 2 2 2 2 2 2 2 3 7 7 1 1
Case #217: 15 2 2 2 2 3 3 3 3 3 13 1 1 1 1 1
Case #218: -1
Case #219: 23 2 2 2 2 2 2 2 2 2 2 2 2 2 2 5 1 1 1 1 1 1 1 1
Case #220: 22 2 2 2 3 3 3 3 3 3 5 1 1 1 1 1 1 1 1 1 1 1 1
Case #221: 24 2 2 2 2 2 2 2 2 2 2 2 2 2 3 3 1 1 1 1 1 1 1 1 1
Case #222: 34 2 3 5 1 1 1 1 1 1 1 1 1 1 1 1 1 1 1 1 1 1 1 1 1 1 1 1 1 1 1 1 1 1 1
Case #223: 17 2 2 2 2 2 2 2 2 3 3 13 1 1 1 1 1 1
Case #224: -1
Case #225: 36 2 2 2 3 1 1 1 1 1 1 1 1 1 1 1 1 1 1 1 1 1 1 1 1 1 1 1 1 1 1 1 1 1 1 1 1
Case #226: 28 2 2 2 2 2 3 3 3 3 1 1 1 1 1 1 1 1 1 1 1 1 1 1 1 1 1 1 1
Case #227: 16 2 3 3 3 3 3 5 5 7 1 1 1 1 1 1 1
Case #228: 23 2 2 3 3 7 7 1 1 1 1 1 1 1 1 1 1 1 1 1 1 1 1 1
Case #229: 17 2 2 2 2 2 2 2 2 3 3 3 11 1 1 1 1 1
Case #230: 27 2 2 2 2 2 2 2 2 2 2 2 2 3 1 1 1 1 1 1 1 1 1 1 1 1 1 1
Case #231: 13 2 2 2 2 3 3 5 5 7 7 1 1 1
Case #232: 21 2 2 2 2 3 5 11 1 1 1 1 1 1 1 1 1 1 1 1 1 1
Case #233: 18 2 2 2 2 2 2 2 2 2 2 2 5 5 5 1 1 1 1
Case #234: -1
Case #235: 14 2 2 2 2 2 2 2 5 7 11 1 1 1 1
Case #236: 27 3 3 3 3 3 5 1 1 1 1 1 1 1 1 1 1 1 1 1 1 1 1 1 1 1 1 1
Case #237: 19 2 2 2 2 2 2 2 2 2 2 2 2 3 3 3 5 1 1 1
Case #238: 18 2 2 2 2 2 2 2 3 5 5 7 1 1 1 1 1 1 1
Case #239: 7 5 5 11 17 1 1 1
Case #240: 15 2 2 2 2 7 7 11 1 1 1 1 1 1 1 1
Case #241: 16 2 2 2 2 2 2 2 3 3 3 3 5 7 1 1 1
Case #242: 24 2 2 2 2 2 2 2 2 2 2 2 3 5 1 1 1 1 1 1 1 1 1 1 1
Case #243: 28 2 2 2 11 1 1 1 1 1 1 1 1 1 1 1 1 1 1 1 1 1 1 1 1 1 1 1 1
Case #244: 23 2 2 2 2 2 2 2 2 3 3 3 3 3 1 1 1 1 1 1 1 1 1 1
Case #245: 19 2 2 2 2 3 3 3 7 7 1 1 1 1 1 1 1 1 1 1
Case #246: 16 2 2 2 2 2 2 2 2 2 3 3 7 7 1 1 1
Case #247: 21 2 2 3 3 3 5 5 5 1 1 1 1 1 1 1 1 1 1 1 1 1
Case #248: -1
Case #249: 16 2 2 2 2 2 2 2 5 5 5 7 1 1 1 1 1
Case #250: -1
Case #251: 17 2 2 2 2 2 2 3 3 5 5 7 1 1 1 1 1 1
Case #252: 21 2 2 2 2 2 2 2 2 7 7 1 1 1 1 1 1 1 1 1 1 1
Case #253: 13 2 2 3 3 5 5 5 11 1 1 1 1 1
Case #254: 23 2 2 2 2 2 2 2 2 2 2 5 5 1 1 1 1 1 1 1 1 1 1 1
Case #255: 17 2 2 2 2 2 2 2 2 3 3 7 7 1 1 1 1 1
Case #256: 21 2 2 2 2 2 2 2 2 2 2 2 2 2 2 7 1 1 1 1 1 1
Case #257: 21 2 2 2 2 2 2 2 2 3 3 3 3 3 3 1 1 1 1 1 1 1
Case #258: 19 2 2 2 2 3 17 1 1 1 1 1 1 1 1 1 1 1 1 1
Case #259: 26 2 3 3 3 3 3 5 1 1 1 1 1 1 1 1 1 1 1 1 1 1 1 1 1 1 1
Case #260: 24 2 2 2 2 2 2 2 2 2 3 7 1 1 1 1 1 1 1 1 1 1 1 1 1
Case #261: -1
Case #262: 36 2 2 2 2 2 1 1 1 1 1 1 1 1 1 1 1 1 1 1 1 1 1 1 1 1 1 1 1 1 1 1 1 1 1 1 1
Case #263: 17 2 2 2 2 3 3 3 3 3 3 3 7 1 1 1 1 1
Case #264: -1
Case #265: 18 2 2 2 2 2 2 2 5 13 1 1 1 1 1 1 1 1 1
Case #266: 28 2 2 2 3 3 7 1 1 1 1 1 1 1 1 1 1 1 1 1 1 1 1 1 1 1 1 1 1
Case #267: -1
Case #268: 29 5 5 5 1 1 1 1 1 1 1 1 1 1 1 1 1 1 1 1 1 1 1 1 1 1 1 1 1 1
Case #269: 18 2 2 2 2 2 3 5 5 5 5 1 1 1 1 1 1 1 1
Case #270: 24 2 2 2 3 3 5 7 1 1 1 1 1 1 1 1 1 1 1 1 1 1 1 1 1
Case #271: -1
Case #272: -1
Case #273: 21 2 2 3 3 3 3 3 3 3 5 1 1 1 1 1 1 1 1 1 1 1
Case #274: -1
Case #275: 19 2 2 2 2 2 2 3 5 11 1 1 1 1 1 1 1 1 1 1
Case #276: -1
Case #277: 18 2 2 2 3 5 5 5 7 1 1 1 1 1 1 1 1 1 1
Case #278: 15 2 2 2 2 2 2 2 2 3 7 11 1 1 1 1
Case #279: 20 2 2 2 2 2 3 3 3 3 3 7 1 1 1 1 1 1 1 1 1
Case #280: 21 2 2 3 3 5 5 7 1 1 1 1 1 1 1 1 1 1 1 1 1 1
Case #281: 17 2 2 2 2 3 3 3 5 11 1 1 1 1 1 1 1 1
Case #282: 5 37 1 1 1 1
Case #283: 16 2 2 2 2 2 2 2 2 2 3 5 5 7 1 1 1
Case #284: 6 2 17 19 1 1 1
Case #285: 21 2 2 3 3 3 3 3 5 5 1 1 1 1 1 1 1 1 1 1 1 1
Case #286: -1
Case #287: 24 2 2 2 2 2 2 2 2 2 5 5 1 1 1 1 1 1 1 1 1 1 1 1 1
Case #288: 19 2 2 2 2 2 2 3 3 5 5 5 1 1 1 1 1 1 1 1
Case #289: 29 2 2 3 3 3 5 1 1 1 1 1 1 1 1 1 1 1 1 1 1 1 1 1 1 1 1 1 1 1
Case #290: -1
Case #291: 21 2 2 2 2 2 2 2 2 2 2 11 1 1 1 1 1 1 1 1 1 1
Case #292: -1
Case #293: 14 2 3 3 3 5 5 7 7 1 1 1 1 1 1
Case #294: 21 2 2 2 2 2 2 3 3 5 7 1 1 1 1 1 1 1 1 1 1 1
Case #295: 19 2 2 2 2 2 2 2 2 5 5 7 1 1 1 1 1 1 1 1
Case #296: 16 2 2 2 2 2 2 2 3 5 5 5 5 1 1 1 1
Case #297: 23 2 2 3 5 5 7 1 1 1 1 1 1 1 1 1 1 1 1 1 1 1 1 1
Case #298: 24 2 2 2 3 3 11 1 1 1 1 1 1 1 1 1 1 1 1 1 1 1 1 1 1
Case #299: 22 2 2 2 2 2 2 2 2 2 3 3 7 1 1 1 1 1 1 1 1 1 1
Case #300: -1
Case #301: -1
Case #302: 21 2 2 2 2 2 2 3 3 3 5 5 1 1 1 1 1 1 1 1 1 1
Case #303: 16 2 2 2 2 2 3 3 17 1 1 1 1 1 1 1 1
Case #304: 13 2 2 3 3 3 3 3 5 13 1 1 1 1
Case #305: 20 2 2 2 5 5 11 1 1 1 1 1 1 1 1 1 1 1 1 1 1
Case #306: 7 17 19 1 1 1 1 1
Case #307: 27 2 2 3 5 7 1 1 1 1 1 1 1 1 1 1 1 1 1 1 1 1 1 1 1 1 1 1
Case #308: 28 2 13 1 1 1 1 1 1 1 1 1 1 1 1 1 1 1 1 1 1 1 1 1 1 1 1 1 1
Case #309: 16 2 2 2 2 2 3 3 3 5 11 1 1 1 1 1 1
Case #310: -1
Case #311: 21 3 3 3 3 3 3 3 3 5 1 1 1 1 1 1 1 1 1 1 1 1
Case #312: 19 2 2 2 2 2 2 5 7 7 1 1 1 1 1 1 1 1 1 1
Case #313: 19 2 2 2 2 2 2 2 2 2 2 3 11 1 1 1 1 1 1 1
Case #314: 14 2 2 2 2 2 3 5 7 11 1 1 1 1 1
Case #315: 21 2 2 2 2 5 5 5 5 1 1 1 1 1 1 1 1 1 1 1 1 1
Case #316: 17 2 2 3 3 3 3 3 7 7 1 1 1 1 1 1 1 1
Case #317: 17 2 2 2 2 2 2 3 5 5 5 5 1 1 1 1 1 1
Case #318: 9 2 2 2 2 3 11 17 1 1
Case #319: -1
Case #320: 20 2 3 3 3 3 3 11 1 1 1 1 1 1 1 1 1 1 1 1 1
Case #321: -1
Case #322: 27 2 2 2 2 2 2 2 2 2 2 3 3 1 1 1 1 1 1 1 1 1 1 1 1 1 1 1
Case #323: 22 2 2 2 5 5 5 5 1 1 1 1 1 1 1 1 1 1 1 1 1 1 1
Case #324: 17 2 2 2 2 2 2 3 3 3 3 11 1 1 1 1 1 1
Case #325: -1
Case #326: 15 2 2 2 2 3 3 19 1 1 1 1 1 1 1 1
Case #327: 19 2 2 2 2 3 3 5 5 7 1 1 1 1 1 1 1 1 1 1
Case #328: 27 2 2 3 3 3 3 5 1 1 1 1 1 1 1 1 1 1 1 1 1 1 1 1 1 1 1 1
Case #329: 14 2 2 2 2 2 2 2 2 2 3 7 11 1 1
Case #330: 19 2 2 2 2 2 2 3 3 3 3 5 5 1 1 1 1 1 1 1
Case #331: 22 2 2 2 2 2 2 2 5 5 5 1 1 1 1 1 1 1 1 1 1 1 1
Case #332: 33 2 2 3 3 3 1 1 1 1 1 1 1 1 1 1 1 1 1 1 1 1 1 1 1 1 1 1 1 1 1 1 1 1
Case #333: 29 2 2 3 5 5 1 1 1 1 1 1 1 1 1 1 1 1 1 1 1 1 1 1 1 1 1 1 1 1
Case #334: 11 2 2 2 2 3 3 7 17 1 1 1
Case #335: 6 2 3 5 7 11 13
Case #336: 18 2 2 2 2 2 3 3 3 3 3 5 5 1 1 1 1 1 1
Case #337: 18 2 2 2 2 2 2 2 2 2 3 7 7 1 1 1 1 1 1
Case #338: 15 2 2 2 2 2 2 3 3 3 5 11 1 1 1 1
Case #339: -1
Case #340: -1
Case #341: 21 2 2 5 5 11 1 1 1 1 1 1 1 1 1 1 1 1 1 1 1 1
Case #342: 11 2 2 2 2 3 3 23 1 1 1 1
Case #343: 24 2 2 2 2 2 2 2 5 7 1 1 1 1 1 1 1 1 1 1 1 1 1 1 1
Case #344: 3 17 23 1
Case #345: -1
Case #346: 17 2 2 2 2 3 3 3 3 3 3 3 3 5 1 1 1 1
Case #347: -1
Case #348: -1
Case #349: 25 2 2 2 2 2 2 2 2 2 2 2 2 3 3 1 1 1 1 1 1 1 1 1 1 1
Case #350: 12 2 2 2 3 7 7 13 1 1 1 1 1
Case #351: 5 19 19 1 1 1
Case #352: 17 2 2 3 3 3 3 3 3 11 1 1 1 1 1 1 1 1
Case #353: -1
Case #354: 20 2 2 2 2 2 2 2 2 2 2 2 2 2 3 7 1 1 1 1 1
Case #355: 35 2 2 5 1 1 1 1 1 1 1 1 1 1 1 1 1 1 1 1 1 1 1 1 1 1 1 1 1 1 1 1 1 1 1 1
Case #356: 15 2 2 2 2 3 3 3 3 5 11 1 1 1 1 1
Case #357: 20 2 3 3 5 7 7 1 1 1 1 1 1 1 1 1 1 1 1 1 1
Case #358: 37 3 3 1 1 1 1 1 1 1 1 1 1 1 1 1 1 1 1 1 1 1 1 1 1 1 1 1 1 1 1 1 1 1 1 1 1 1
Case #359: 23 2 2 2 2 2 2 3 3 3 3 5 1 1 1 1 1 1 1 1 1 1 1 1
Case #360: 29 7 7 1 1 1 1 1 1 1 1 1 1 1 1 1 1 1 1 1 1 1 1 1 1 1 1 1 1 1
Case #361: 23 19 1 1 1 1 1 1 1 1 1 1 1 1 1 1 1 1 1 1 1 1 1 1
Case #362: 20 2 2 2 2 2 2 2 2 2 3 5 7 1 1 1 1 1 1 1 1
Case #363: 17 2 2 2 2 2 2 3 3 3 3 5 7 1 1 1 1 1
Case #364: 33 2 2 2 2 2 2 3 1 1 1 1 1 1 1 1 1 1 1 1 1 1 1 1 1 1 1 1 1 1 1 1 1 1
Case #365: 12 2 3 3 3 3 5 5 7 7 1 1 1
Case #366: 20 2 3 5 5 5 7 1 1 1 1 1 1 1 1 1 1 1 1 1 1
Case #367: 14 2 2 2 2 2 2 2 3 5 5 5 7 1 1
Case #368: 18 2 3 3 3 3 3 3 5 7 1 1 1 1 1 1 1 1 1
Case #369: 12 2 2 2 3 3 5 5 5 11 1 1 1
Case #370: 19 2 2 3 3 3 3 7 7 1 1 1 1 1 1 1 1 1 1 1
Case #371: 35 7 1 1 1 1 1 1 1 1 1 1 1 1 1 1 1 1 1 1 1 1 1 1 1 1 1 1 1 1 1 1 1 1 1 1
Case #372: 33 2 2 2 2 5 1 1 1 1 1 1 1 1 1 1 1 1 1 1 1 1 1 1 1 1 1 1 1 1 1 1 1 1
Case #373: 25 3 3 7 7 1 1 1 1 1 1 1 1 1 1 1 1 1 1 1 1 1 1 1 1 1
Case #374: 13 2 2 3 3 5 7 13 1 1 1 1 1 1
Case #375: 18 2 2 2 3 3 3 3 3 3 5 5 1 1 1 1 1 1 1
Case #376: 18 2 2 2 2 2 5 5 5 7 1 1 1 1 1 1 1 1 1
Case #377: 24 2 2 2 2 2 3 11 1 1 1 1 1 1 1 1 1 1 1 1 1 1 1 1 1
Case #378: 26 2 2 2 2 2 2 2 2 2 2 2 5 1 1 1 1 1 1 1 1 1 1 1 1 1 1
Case #379: 19 2 2 2 2 3 3 3 3 3 3 7 1 1 1 1 1 1 1 1
Case #380: 17 2 2 2 2 3 19 1 1 1 1 1 1 1 1 1 1 1
Case #381: -1
Case #382: -1
Case #383: 18 2 2 2 2 2 3 3 5 5 7 1 1 1 1 1 1 1 1
Case #384: 23 2 2 2 2 3 3 3 5 5 1 1 1 1 1 1 1 1 1 1 1 1 1 1
Case #385: -1
Case #386: 11 2 2 2 2 3 7 7 7 7 1 1
Case #387: 24 2 2 2 3 3 3 3 7 1 1 1 1 1 1 1 1 1 1 1 1 1 1 1 1
Case #388: 21 2 2 2 2 2 2 3 3 3 3 3 3 3 1 1 1 1 1 1 1 1
Case #389: 27 2 2 13 1 1 1 1 1 1 1 1 1 1 1 1 1 1 1 1 1 1 1 1 1 1 1 1
Case #390: 19 2 2 3 3 3 3 3 3 5 5 1 1 1 1 1 1 1 1 1
Case #391: 25 2 2 2 2 3 5 7 1 1 1 1 1 1 1 1 1 1 1 1 1 1 1 1 1 1
Case #392: 23 2 2 2 2 2 2 2 2 2 2 2 2 3 3 3 1 1 1 1 1 1 1 1
Case #393: 18 2 3 3 3 3 3 7 7 1 1 1 1 1 1 1 1 1 1
Case #394: 17 2 2 2 2 2 2 2 2 3 3 3 5 7 1 1 1 1
Case #395: 11 2 2 2 2 2 2 3 5 19 1 1
Case #396: 22 2 2 2 2 2 2 2 2 2 5 7 1 1 1 1 1 1 1 1 1 1 1
Case #397: 13 5 7 19 1 1 1 1 1 1 1 1 1 1
Case #398: 11 3 29 1 1 1 1 1 1 1 1 1
Case #399: 25 3 3 3 3 5 5 1 1 1 1 1 1 1 1 1 1 1 1 1 1 1 1 1 1 1
Case #400: 22 2 3 3 3 5 5 5 1 1 1 1 1 1 1 1 1 1 1 1 1 1 1
Case #401: 33 5 5 1 1 1 1 1 1 1 1 1 1 1 1 1 1 1 1 1 1 1 1 1 1 1 1 1 1 1 1 1 1 1
Case #402: -1
Case #403: 14 2 2 2 2 2 3 3 3 17 1 1 1 1 1
Case #404: 31 2 2 3 7 1 1 1 1 1 1 1 1 1 1 1 1 1 1 1 1 1 1 1 1 1 1 1 1 1 1 1
Case #405: 15 2 2 2 2 3 3 3 5 5 5 5 1 1 1 1
Case #406: 16 2 2 2 3 3 3 3 3 3 5 7 1 1 1 1 1
Case #407: 21 2 2 2 2 2 2 2 2 2 2 3 3 3 5 1 1 1 1 1 1 1
Case #408: 22 2 3 3 3 3 3 3 3 5 1 1 1 1 1 1 1 1 1 1 1 1 1
Case #409: 29 2 2 2 2 2 2 3 3 3 1 1 1 1 1 1 1 1 1 1 1 1 1 1 1 1 1 1 1 1
Case #410: 23 2 2 2 2 2 2 2 2 2 2 2 2 2 2 2 2 3 1 1 1 1 1 1
Case #411: -1
Case #412: 33 2 2 7 1 1 1 1 1 1 1 1 1 1 1 1 1 1 1 1 1 1 1 1 1 1 1 1 1 1 1 1 1 1
Case #413: 12 2 2 2 2 2 2 2 3 11 11 1 1
Case #414: -1
Case #415: 25 17 1 1 1 1 1 1 1 1 1 1 1 1 1 1 1 1 1 1 1 1 1 1 1 1
Case #416: 17 2 2 3 3 3 7 11 1 1 1 1 1 1 1 1 1 1
Case #417: 23 2 2 2 2 2 2 2 2 3 3 7 1 1 1 1 1 1 1 1 1 1 1 1
Case #418: 36 2 3 3 1 1 1 1 1 1 1 1 1 1 1 1 1 1 1 1 1 1 1 1 1 1 1 1 1 1 1 1 1 1 1 1 1
Case #419: 14 2 3 3 5 5 5 11 1 1 1 1 1 1 1
Case #420: -1
Case #421: 24 2 3 3 3 5 7 1 1 1 1 1 1 1 1 1 1 1 1 1 1 1 1 1 1
Case #422: 16 2 2 2 2 2 2 2 3 5 7 7 1 1 1 1 1
Case #423: 29 2 2 2 2 2 2 7 1 1 1 1 1 1 1 1 1 1 1 1 1 1 1 1 1 1 1 1 1 1
Case #424: 20 2 2 2 2 2 2 2 2 2 2 2 3 5 5 1 1 1 1 1 1
Case #425: 30 2 11 1 1 1 1 1 1 1 1 1 1 1 1 1 1 1 1 1 1 1 1 1 1 1 1 1 1 1 1
Case #426: 24 2 3 3 3 3 3 3 5 1 1 1 1 1 1 1 1 1 1 1 1 1 1 1 1
Case #427: 18 2 2 2 3 3 3 3 5 5 5 1 1 1 1 1 1 1 1
Case #428: 35 3 5 1 1 1 1 1 1 1 1 1 1 1 1 1 1 1 1 1 1 1 1 1 1 1 1 1 1 1 1 1 1 1 1 1
Case #429: -1
Case #430: 30 2 5 7 1 1 1 1 1 1 1 1 1 1 1 1 1 1 1 1 1 1 1 1 1 1 1 1 1 1 1
Case #431: 21 11 11 1 1 1 1 1 1 1 1 1 1 1 1 1 1 1 1 1 1 1
Case #432: 25 2 2 5 5 7 1 1 1 1 1 1 1 1 1 1 1 1 1 1 1 1 1 1 1 1
Case #433: 13 2 2 3 3 3 3 7 13 1 1 1 1 1
Case #434: 22 2 2 2 2 2 3 3 11 1 1 1 1 1 1 1 1 1 1 1 1 1 1
Case #435: 14 2 2 2 3 3 3 7 13 1 1 1 1 1 1
Case #436: 25 2 2 3 3 3 3 7 1 1 1 1 1 1 1 1 1 1 1 1 1 1 1 1 1 1
Case #437: 19 2 2 2 2 3 3 3 13 1 1 1 1 1 1 1 1 1 1 1
Case #438: 12 2 2 2 3 3 5 19 1 1 1 1 1
Case #439: 26 2 2 2 2 2 2 2 2 2 3 5 1 1 1 1 1 1 1 1 1 1 1 1 1 1 1
Case #440: 29 3 11 1 1 1 1 1 1 1 1 1 1 1 1 1 1 1 1 1 1 1 1 1 1 1 1 1 1 1
Case #441: 26 2 2 2 2 2 2 2 3 7 1 1 1 1 1 1 1 1 1 1 1 1 1 1 1 1 1
Case #442: -1
Case #443: 27 5 11 1 1 1 1 1 1 1 1 1 1 1 1 1 1 1 1 1 1 1 1 1 1 1 1 1
Case #444: 20 2 3 3 7 11 1 1 1 1 1 1 1 1 1 1 1 1 1 1 1
Case #445: 14 2 2 2 2 2 2 2 3 19 1 1 1 1 1
Case #446: -1
Case #447: -1
Case #448: 17 2 2 3 3 3 3 5 11 1 1 1 1 1 1 1 1 1
Case #449: 21 2 2 2 2 3 3 3 3 5 5 1 1 1 1 1 1 1 1 1 1 1
Case #450: 16 2 2 2 2 2 5 17 1 1 1 1 1 1 1 1 1
Case #451: 22 2 2 2 2 2 3 3 5 7 1 1 1 1 1 1 1 1 1 1 1 1 1
Case #452: 10 2 3 3 3 3 5 19 1 1 1
Case #453: 27 2 2 2 2 2 2 5 5 1 1 1 1 1 1 1 1 1 1 1 1 1 1 1 1 1 1 1
Case #454: 19 2 2 2 2 2 2 2 2 3 3 3 3 7 1 1 1 1 1 1
Case #455: 22 2 2 2 2 2 2 2 2 2 2 2 2 2 3 5 1 1 1 1 1 1 1
Case #456: 15 2 2 2 2 3 3 3 3 3 5 5 5 1 1 1
Case #457: 32 2 2 2 2 2 3 3 1 1 1 1 1 1 1 1 1 1 1 1 1 1 1 1 1 1 1 1 1 1 1 1 1
Case #458: 33 2 2 3 5 1 1 1 1 1 1 1 1 1 1 1 1 1 1 1 1 1 1 1 1 1 1 1 1 1 1 1 1 1
Case #459: 18 2 2 2 2 2 2 2 2 2 2 2 3 5 7 1 1 1 1
Case #460: -1
Case #461: 15 2 2 2 2 3 11 11 1 1 1 1 1 1 1 1
Case #462: 19 2 2 2 2 2 2 2 2 3 3 3 3 3 5 1 1 1 1 1
Case #463: 14 2 3 3 3 3 3 5 13 1 1 1 1 1 1
Case #464: 15 2 2 3 3 5 7 11 1 1 1 1 1 1 1 1
Case #465: 23 2 2 2 2 2 2 2 2 2 2 3 7 1 1 1 1 1 1 1 1 1 1 1
Case #466: 37 5 1 1 1 1 1 1 1 1 1 1 1 1 1 1 1 1 1 1 1 1 1 1 1 1 1 1 1 1 1 1 1 1 1 1 1 1
Case #467: 15 2 2 2 2 3 5 5 5 5 5 1 1 1 1 1
Case #468: 11 2 2 2 2 2 2 3 7 17 1 1
Case #469: 18 2 2 2 3 3 3 3 7 7 1 1 1 1 1 1 1 1 1
Case #470: 17 2 2 23 1 1 1 1 1 1 1 1 1 1 1 1 1 1
Case #471: 14 2 2 2 2 2 2 2 3 3 7 11 1 1 1
Case #472: 18 2 2 2 5 5 13 1 1 1 1 1 1 1 1 1 1 1 1
Case #473: 21 5 17 1 1 1 1 1 1 1 1 1 1 1 1 1 1 1 1 1 1 1
Case #474: -1
Case #475: 19 2 2 2 2 3 3 3 3 3 3 3 3 3 1 1 1 1 1 1
Case #476: -1
Case #477: 28 2 2 2 2 2 2 2 3 3 3 1 1 1 1 1 1 1 1 1 1 1 1 1 1 1 1 1 1
Case #478: 17 2 2 2 2 3 3 3 3 7 7 1 1 1 1 1 1 1
Case #479: 16 2 3 3 3 3 5 5 5 5 1 1 1 1 1 1 1
Case #480: -1
Case #481: 20 2 2 2 2 2 2 2 2 2 2 2 2 2 2 2 2 2 5 1 1
Case #482: 15 5 23 1 1 1 1 1 1 1 1 1 1 1 1 1
Case #483: 38 2 3 1 1 1 1 1 1 1 1 1 1 1 1 1 1 1 1 1 1 1 1 1 1 1 1 1 1 1 1 1 1 1 1 1 1 1 1
Case #484: 17 2 2 3 3 3 3 3 5 5 5 1 1 1 1 1 1 1
Case #485: 13 2 2 2 2 3 3 3 19 1 1 1 1 1
Case #486: 14 2 2 2 2 2 2 2 5 5 13 1 1 1 1
Case #487: 20 2 2 2 2 2 2 2 3 3 3 3 7 1 1 1 1 1 1 1 1
Case #488: 18 2 2 2 3 3 3 3 3 11 1 1 1 1 1 1 1 1 1
Case #489: 3 5 17 19
Case #490: 20 2 2 2 2 2 2 2 3 3 11 1 1 1 1 1 1 1 1 1 1
Case #491: 23 2 2 3 5 11 1 1 1 1 1 1 1 1 1 1 1 1 1 1 1 1 1 1
Case #492: 16 2 2 2 3 3 3 3 3 3 11 1 1 1 1 1 1
Case #493: 10 2 2 2 2 2 3 7 19 1 1
Case #494: 14 2 3 3 3 5 5 13 1 1 1 1 1 1 1
Case #495: -1
Case #496: 22 2 2 2 2 2 2 2 2 2 2 2 3 3 5 1 1 1 1 1 1 1 1
Case #497: 20 2 2 2 2 2 5 5 5 5 1 1 1 1 1 1 1 1 1 1 1
Case #498: 18 2 3 5 7 11 1 1 1 1 1 1 1 1 1 1 1 1 1
Case #499: 16 2 2 2 2 2 3 3 5 7 7 1 1 1 1 1 1
Case #500: 22 2 2 2 2 2 2 2 2 2 2 2 2 2 2 2 3 3 1 1 1 1 1
Case #501: -1
Case #502: -1
Case #503: 15 2 2 2 2 3 3 3 3 5 5 7 1 1 1 1
Case #504: 18 2 3 3 3 5 5 5 5 1 1 1 1 1 1 1 1 1 1
Case #505: 36 2 5 1 1 1 1 1 1 1 1 1 1 1 1 1 1 1 1 1 1 1 1 1 1 1 1 1 1 1 1 1 1 1 1 1 1
Case #506: 23 3 3 3 7 7 1 1 1 1 1 1 1 1 1 1 1 1 1 1 1 1 1 1
Case #507: 13 2 2 3 5 5 7 11 1 1 1 1 1 1
Case #508: 25 2 2 2 2 2 2 3 3 3 3 3 1 1 1 1 1 1 1 1 1 1 1 1 1 1
Case #509: -1
Case #510: 17 2 2 2 2 2 2 3 3 5 11 1 1 1 1 1 1 1
Case #511: 17 2 2 3 3 3 5 7 7 1 1 1 1 1 1 1 1 1
Case #512: 20 2 2 2 3 3 3 3 3 3 3 3 3 1 1 1 1 1 1 1 1
Case #513: 15 2 2 3 3 3 5 5 5 7 1 1 1 1 1 1
Case #514: 19 2 2 2 2 3 3 3 3 5 7 1 1 1 1 1 1 1 1 1
Case #515: 7 5 7 7 19 1 1 1
Case #516: 11 2 2 2 2 3 3 11 13 1 1 1
Case #517: 19 2 2 2 2 2 2 3 3 3 3 3 3 5 1 1 1 1 1 1
Case #518: 20 2 2 2 2 2 3 3 3 11 1 1 1 1 1 1 1 1 1 1 1
Case #519: 17 2 2 2 2 2 2 2 2 2 2 5 5 7 1 1 1 1
Case #520: 12 2 3 3 3 5 5 5 5 7 1 1 1
Case #521: 23 2 2 2 2 2 2 3 3 3 7 1 1 1 1 1 1 1 1 1 1 1 1 1
Case #522: -1
Case #523: 21 2 2 2 2 3 3 3 3 3 3 5 1 1 1 1 1 1 1 1 1 1
Case #524: 14 2 2 2 3 3 3 3 7 11 1 1 1 1 1
Case #525: 26 2 2 2 3 3 3 7 1 1 1 1 1 1 1 1 1 1 1 1 1 1 1 1 1 1 1
Case #526: 13 2 2 5 5 7 7 7 1 1 1 1 1 1
Case #527: 18 2 2 2 2 2 2 2 3 3 3 11 1 1 1 1 1 1 1
Case #528: 9 3 31 1 1 1 1 1 1 1
Case #529: 28 2 2 2 2 2 3 7 1 1 1 1 1 1 1 1 1 1 1 1 1 1 1 1 1 1 1 1 1
Case #530: 16 2 2 2 2 2 2 2 3 3 5 5 7 1 1 1 1
Case #531: 14 2 2 2 2 2 3 3 5 5 11 1 1 1 1
Case #532: 22 2 2 2 2 2 2 2 2 2 2 2 2 2 7 1 1 1 1 1 1 1 1
Case #533: 22 2 2 2 2 2 3 3 3 3 3 3 3 1 1 1 1 1 1 1 1 1 1
Case #534: -1
Case #535: -1
Case #536: 18 2 2 2 3 3 3 3 13 1 1 1 1 1 1 1 1 1 1
Case #537: 20 2 2 2 2 2 3 3 7 7 1 1 1 1 1 1 1 1 1 1 1
Case #538: -1
Case #539: 26 2 2 2 2 2 2 2 2 2 7 1 1 1 1 1 1 1 1 1 1 1 1 1 1 1 1
Case #540: 16 2 2 2 2 2 2 2 2 2 3 5 11 1 1 1 1
Case #541: 15 2 2 2 2 2 2 5 5 5 5 5 1 1 1 1
Case #542: 20 2 2 2 2 2 2 2 3 3 3 3 3 5 1 1 1 1 1 1 1
Case #543: 22 2 2 2 2 2 2 2 2 2 3 5 5 1 1 1 1 1 1 1 1 1 1
Case #544: 20 2 2 2 2 2 2 2 3 5 5 5 1 1 1 1 1 1 1 1 1
Case #545: 16 2 2 2 2 2 3 3 3 3 3 3 5 5 1 1 1
Case #546: -1
Case #547: 11 2 2 3 3 7 19 1 1 1 1 1
Case #548: -1
Case #549: 18 2 2 2 5 5 7 7 1 1 1 1 1 1 1 1 1 1 1
Case #550: -1
Case #551: 17 2 2 3 3 3 5 5 5 5 1 1 1 1 1 1 1 1
Case #552: 14 2 2 2 3 3 5 7 11 1 1 1 1 1 1
Case #553: 22 2 2 2 3 3 3 3 5 5 1 1 1 1 1 1 1 1 1 1 1 1 1
Case #554: 14 2 2 2 2 2 3 3 3 5 7 7 1 1 1
Case #555: -1
Case #556: 17 2 2 2 2 2 2 2 2 2 2 3 7 7 1 1 1 1
Case #557: 22 2 2 2 2 2 3 3 3 5 5 1 1 1 1 1 1 1 1 1 1 1 1
Case #558: 25 3 3 3 3 3 3 5 1 1 1 1 1 1 1 1 1 1 1 1 1 1 1 1 1 1
Case #559: 15 2 2 2 2 2 2 2 2 5 5 11 1 1 1 1
Case #560: 21 2 2 2 2 2 2 2 2 2 2 2 2 2 2 2 2 2 2 2 2 1
Case #561: 19 2 2 2 2 2 2 2 2 2 2 3 5 7 1 1 1 1 1 1
Case #562: 28 2 2 2 3 3 3 3 3 1 1 1 1 1 1 1 1 1 1 1 1 1 1 1 1 1 1 1 1
Case #563: 18 2 2 2 2 2 2 2 2 2 3 3 3 3 3 5 1 1 1
Case #564: 18 2 2 2 2 2 3 3 3 3 3 3 7 1 1 1 1 1 1
Case #565: -1
Case #566: 19 2 2 2 2 2 2 3 3 3 11 1 1 1 1 1 1 1 1 1
Case #567: 19 2 2 2 2 2 2 2 2 2 2 3 3 3 3 5 1 1 1 1
Case #568: -1
Case #569: 16 2 2 2 3 3 3 3 5 11 1 1 1 1 1 1 1
Case #570: 32 2 3 3 5 1 1 1 1 1 1 1 1 1 1 1 1 1 1 1 1 1 1 1 1 1 1 1 1 1 1 1 1
Case #571: 21 2 2 2 2 2 2 2 2 2 2 2 2 3 7 1 1 1 1 1 1 1
Case #572: 15 2 2 2 2 3 3 3 5 13 1 1 1 1 1 1
Case #573: 24 2 2 2 3 3 3 5 5 1 1 1 1 1 1 1 1 1 1 1 1 1 1 1 1
Case #574: 17 2 2 3 3 3 17 1 1 1 1 1 1 1 1 1 1 1
Case #575: 24 2 3 3 5 5 5 1 1 1 1 1 1 1 1 1 1 1 1 1 1 1 1 1 1
Case #576: 14 2 2 2 3 3 3 3 5 5 5 5 1 1 1
Case #577: -1
Case #578: -1
Case #579: 23 2 2 3 3 3 3 3 7 1 1 1 1 1 1 1 1 1 1 1 1 1 1 1
Case #580: 16 2 2 2 3 5 7 11 1 1 1 1 1 1 1 1 1
Case #581: 20 2 2 2 3 3 3 5 5 5 1 1 1 1 1 1 1 1 1 1 1
Case #582: 29 2 2 2 2 2 2 2 2 2 2 3 1 1 1 1 1 1 1 1 1 1 1 1 1 1 1 1 1 1
Case #583: 11 31 1 1 1 1 1 1 1 1 1 1
Case #584: 25 2 2 2 2 2 2 2 2 3 3 3 3 1 1 1 1 1 1 1 1 1 1 1 1 1
Case #585: 4 2 37 1 1
Case #586: 13 2 2 2 2 2 2 3 3 7 13 1 1 1
Case #587: 20 2 2 2 3 3 3 3 3 3 7 1 1 1 1 1 1 1 1 1 1
Case #588: 18 2 2 2 3 3 3 3 3 3 3 3 3 3 1 1 1 1 1
Case #589: -1
Case #590: 17 2 2 2 2 2 2 2 2 2 2 3 13 1 1 1 1 1
Case #591: 18 2 3 3 3 5 7 7 1 1 1 1 1 1 1 1 1 1 1
Case #592: 8 2 2 2 3 11 19 1 1
Case #593: 17 2 2 2 2 2 2 3 17 1 1 1 1 1 1 1 1 1
Case #594: -1
Case #595: 13 2 2 2 2 2 2 5 7 13 1 1 1 1
Case #596: 25 2 2 2 2 2 2 2 2 2 2 2 2 2 2 3 1 1 1 1 1 1 1 1 1 1
Case #597: 12 2 2 2 2 2 3 5 5 5 11 1 1
Case #598: 15 2 2 2 2 2 2 3 3 3 5 5 7 1 1 1
Case #599: 18 2 2 2 2 2 3 3 3 5 5 5 1 1 1 1 1 1 1
Case #600: 22 2 3 3 3 3 3 5 5 1 1 1 1 1 1 1 1 1 1 1 1 1 1
Case #601: 31 5 7 1 1 1 1 1 1 1 1 1 1 1 1 1 1 1 1 1 1 1 1 1 1 1 1 1 1 1 1 1
Case #602: 24 2 2 2 2 2 2 2 3 3 3 5 1 1 1 1 1 1 1 1 1 1 1 1 1
Case #603: 20 2 2 2 3 3 3 3 5 7 1 1 1 1 1 1 1 1 1 1 1
Case #604: 22 2 2 2 2 2 3 7 7 1 1 1 1 1 1 1 1 1 1 1 1 1 1
Case #605: 19 2 2 2 2 3 3 3 5 5 5 1 1 1 1 1 1 1 1 1
Case #606: 22 2 2 2 3 3 3 3 3 3 3 3 1 1 1 1 1 1 1 1 1 1 1
Case #607: 20 2 2 2 3 7 11 1 1 1 1 1 1 1 1 1 1 1 1 1 1
Case #608: 17 2 2 2 2 2 2 3 5 7 7 1 1 1 1 1 1 1
Case #609: 21 2 2 2 2 2 2 2 2 2 2 3 3 7 1 1 1 1 1 1 1 1
Case #610: 23 2 2 3 3 13 1 1 1 1 1 1 1 1 1 1 1 1 1 1 1 1 1 1
Case #611: 15 2 2 3 3 3 3 3 5 5 7 1 1 1 1 1
Case #612: 16 2 3 3 3 3 3 3 5 5 5 1 1 1 1 1 1
Case #613: 28 2 2 2 2 2 2 2 2 2 5 1 1 1 1 1 1 1 1 1 1 1 1 1 1 1 1 1 1
Case #614: -1
Case #615: 19 2 2 2 2 3 7 11 1 1 1 1 1 1 1 1 1 1 1 1
Case #616: 25 2 2 2 2 2 2 2 2 3 7 1 1 1 1 1 1 1 1 1 1 1 1 1 1 1
Case #617: 21 2 2 2 2 2 2 3 3 3 3 3 5 1 1 1 1 1 1 1 1 1
Case #618: 29 2 2 2 2 2 2 2 2 3 3 1 1 1 1 1 1 1 1 1 1 1 1 1 1 1 1 1 1 1
Case #619: 23 2 2 2 2 3 3 3 3 3 5 1 1 1 1 1 1 1 1 1 1 1 1 1
Case #620: 33 3 3 5 1 1 1 1 1 1 1 1 1 1 1 1 1 1 1 1 1 1 1 1 1 1 1 1 1 1 1 1 1 1
Case #621: 18 2 2 2 2 2 2 2 3 3 7 7 1 1 1 1 1 1 1
Case #622: 14 2 2 2 3 3 3 5 5 11 1 1 1 1 1
Case #623: 14 2 2 2 3 5 5 5 5 7 1 1 1 1 1
Case #624: 26 2 2 2 2 2 2 2 2 2 2 2 2 2 3 1 1 1 1 1 1 1 1 1 1 1 1
Case #625: 18 2 2 2 3 3 3 5 5 7 1 1 1 1 1 1 1 1 1
Case #626: 26 2 2 2 2 2 3 3 3 5 1 1 1 1 1 1 1 1 1 1 1 1 1 1 1 1 1
Case #627: -1
Case #628: 25 2 2 3 5 5 5 1 1 1 1 1 1 1 1 1 1 1 1 1 1 1 1 1 1 1
Case #629: 21 2 2 2 2 3 3 3 5 7 1 1 1 1 1 1 1 1 1 1 1 1
Case #630: 13 2 2 5 5 7 13 1 1 1 1 1 1 1
Case #631: 18 2 2 2 3 3 5 5 5 5 1 1 1 1 1 1 1 1 1
Case #632: 41 1 1 1 1 1 1 1 1 1 1 1 1 1 1 1 1 1 1 1 1 1 1 1 1 1 1 1 1 1 1 1 1 1 1 1 1 1 1 1 1 1
Case #633: 16 2 2 2 7 7 11 1 1 1 1 1 1 1 1 1 1
Case #634: 8 2 2 2 3 7 23 1 1
Case #635: 19 2 2 2 2 2 2 3 5 5 7 1 1 1 1 1 1 1 1 1
Case #636: 22 2 2 2 3 3 3 11 1 1 1 1 1 1 1 1 1 1 1 1 1 1 1
Case #637: 13 2 2 3 3 3 5 5 13 1 1 1 1 1
Case #638: 14 2 2 2 2 2 5 7 13 1 1 1 1 1 1
Case #639: 17 2 2 3 3 3 3 5 5 7 1 1 1 1 1 1 1 1
Case #640: 14 2 2 2 5 5 5 7 7 1 1 1 1 1 1
Case #641: 16 2 3 5 5 5 11 1 1 1 1 1 1 1 1 1 1
Case #642: -1
Case #643: -1
Case #644: 30 2 2 2 2 2 7 1 1 1 1 1 1 1 1 1 1 1 1 1 1 1 1 1 1 1 1 1 1 1 1
Case #645: 18 2 2 2 2 2 3 3 3 7 7 1 1 1 1 1 1 1 1
Case #646: -1
Case #647: 13 2 2 3 3 3 3 5 5 11 1 1 1 1
Case #648: 17 2 2 2 2 2 2 2 2 3 3 5 5 5 1 1 1 1
Case #649: 18 2 2 2 2 2 3 7 11 1 1 1 1 1 1 1 1 1 1
Case #650: 19 2 2 3 3 3 3 3 3 3 3 5 1 1 1 1 1 1 1 1
Case #651: 20 2 2 2 2 2 2 2 3 3 5 7 1 1 1 1 1 1 1 1 1
Case #652: 19 2 2 2 2 2 2 3 3 3 3 3 7 1 1 1 1 1 1 1
Case #653: 17 2 2 3 5 5 7 7 1 1 1 1 1 1 1 1 1 1
Case #654: 21 2 2 2 2 2 2 2 2 2 2 2 2 2 2 2 2 2 2 3 1 1
Case #655: 11 2 2 2 2 2 2 3 11 13 1 1
Case #656: 17 2 2 3 3 7 7 7 1 1 1 1 1 1 1 1 1 1
Case #657: 29 13 1 1 1 1 1 1 1 1 1 1 1 1 1 1 1 1 1 1 1 1 1 1 1 1 1 1 1 1
Case #658: -1
Case #659: 20 2 2 2 2 2 3 3 3 3 3 3 5 1 1 1 1 1 1 1 1
Case #660: -1
Case #661: -1
Case #662: 29 3 3 3 7 1 1 1 1 1 1 1 1 1 1 1 1 1 1 1 1 1 1 1 1 1 1 1 1 1
Case #663: 22 2 2 2 3 5 5 7 1 1 1 1 1 1 1 1 1 1 1 1 1 1 1
Case #664: 10 2 2 2 2 2 3 13 13 1 1
Case #665: 12 2 2 2 3 3 3 5 5 13 1 1 1
Case #666: 15 2 2 2 2 5 5 5 5 7 1 1 1 1 1 1
Case #667: 19 2 2 2 2 2 2 5 13 1 1 1 1 1 1 1 1 1 1 1
Case #668: 11 2 2 29 1 1 1 1 1 1 1 1
Case #669: 14 2 2 2 2 2 3 3 5 5 5 7 1 1 1
Case #670: -1
Case #671: 18 2 3 3 3 7 11 1 1 1 1 1 1 1 1 1 1 1 1
Case #672: 26 2 2 2 2 2 2 2 2 2 3 3 3 1 1 1 1 1 1 1 1 1 1 1 1 1 1
Case #673: 14 2 2 2 2 2 3 3 3 5 13 1 1 1 1
Case #674: 18 2 2 2 3 3 5 7 7 1 1 1 1 1 1 1 1 1 1
Case #675: 9 2 2 2 2 3 5 23 1 1
Case #676: 15 2 2 2 2 2 2 2 2 3 17 1 1 1 1 1
Case #677: 17 2 2 2 2 2 2 2 2 2 2 3 3 5 7 1 1 1
Case #678: 12 2 2 2 3 3 5 7 7 7 1 1 1
Case #679: -1
Case #680: 20 2 2 2 2 2 2 2 2 2 3 3 3 3 5 1 1 1 1 1 1
Case #681: -1
Case #682: 15 2 2 3 3 3 3 3 3 3 5 7 1 1 1 1
Case #683: -1
Case #684: -1
Case #685: 24 2 2 2 2 2 5 5 5 1 1 1 1 1 1 1 1 1 1 1 1 1 1 1 1
Case #686: 10 2 3 3 5 11 13 1 1 1 1
Case #687: -1
Case #688: 13 2 2 3 3 3 5 5 7 7 1 1 1 1
Case #689: 15 2 2 2 2 2 2 2 2 3 5 13 1 1 1 1
Case #690: 18 2 2 2 2 2 2 2 3 3 5 5 5 1 1 1 1 1 1
Case #691: 12 2 2 2 2 2 2 2 3 5 17 1 1
Case #692: 16 2 2 2 3 3 3 3 3 5 5 5 1 1 1 1 1
Case #693: 20 2 2 2 2 2 3 3 3 3 3 3 3 3 1 1 1 1 1 1 1
Case #694: -1
Case #695: 16 2 2 2 2 2 3 3 3 3 3 5 7 1 1 1 1
Case #696: 16 2 2 2 2 2 2 2 3 3 3 7 7 1 1 1 1
Case #697: 14 2 2 2 3 3 3 3 3 5 5 7 1 1 1
Case #698: 25 2 2 3 3 5 7 1 1 1 1 1 1 1 1 1 1 1 1 1 1 1 1 1 1 1
Case #699: 10 2 3 3 5 7 17 1 1 1 1
Case #700: 32 2 2 2 2 2 5 1 1 1 1 1 1 1 1 1 1 1 1 1 1 1 1 1 1 1 1 1 1 1 1 1 1
Case #701: 18 2 2 2 3 3 3 3 3 3 3 3 5 1 1 1 1 1 1
Case #702: 19 2 2 3 3 5 13 1 1 1 1 1 1 1 1 1 1 1 1 1
Case #703: 28 2 3 3 3 3 5 1 1 1 1 1 1 1 1 1 1 1 1 1 1 1 1 1 1 1 1 1 1
Case #704: 19 2 2 2 2 3 5 13 1 1 1 1 1 1 1 1 1 1 1 1
Case #705: -1
Case #706: -1
Case #707: -1
Case #708: 24 2 2 2 2 2 3 3 3 3 3 3 1 1 1 1 1 1 1 1 1 1 1 1 1
Case #709: 31 3 3 3 5 1 1 1 1 1 1 1 1 1 1 1 1 1 1 1 1 1 1 1 1 1 1 1 1 1 1 1
Case #710: 21 2 2 3 5 7 7 1 1 1 1 1 1 1 1 1 1 1 1 1 1 1
Case #711: 26 2 2 2 2 2 2 2 2 2 2 2 3 3 1 1 1 1 1 1 1 1 1 1 1 1 1
Case #712: 23 2 2 2 2 2 2 2 2 2 2 2 2 7 1 1 1 1 1 1 1 1 1 1
Case #713: 32 2 2 2 3 5 1 1 1 1 1 1 1 1 1 1 1 1 1 1 1 1 1 1 1 1 1 1 1 1 1 1 1
Case #714: 23 2 2 2 2 2 2 2 2 2 2 3 3 3 3 1 1 1 1 1 1 1 1 1
Case #715: -1
Case #716: 34 2 2 2 2 2 2 2 1 1 1 1 1 1 1 1 1 1 1 1 1 1 1 1 1 1 1 1 1 1 1 1 1 1 1
Case #717: 10 2 3 3 5 5 7 13 1 1 1
Case #718: 14 2 3 3 3 3 3 3 3 5 5 5 1 1 1
Case #719: -1
Case #720: -1
Case #721: -1
Case #722: 25 2 2 3 3 3 3 3 3 3 1 1 1 1 1 1 1 1 1 1 1 1 1 1 1 1
Case #723: 28 2 2 2 2 2 2 2 2 2 2 2 3 1 1 1 1 1 1 1 1 1 1 1 1 1 1 1 1
Case #724: 21 2 2 2 2 3 3 3 3 3 7 1 1 1 1 1 1 1 1 1 1 1
Case #725: 25 2 2 3 3 11 1 1 1 1 1 1 1 1 1 1 1 1 1 1 1 1 1 1 1 1
Case #726: 16 2 2 2 2 2 3 3 3 5 5 7 1 1 1 1 1
Case #727: -1
Case #728: 19 2 2 3 5 5 5 7 1 1 1 1 1 1 1 1 1 1 1 1
Case #729: 11 2 2 3 3 3 5 19 1 1 1 1
Case #730: 27 2 2 2 2 2 2 3 3 5 1 1 1 1 1 1 1 1 1 1 1 1 1 1 1 1 1 1
Case #731: 22 2 3 17 1 1 1 1 1 1 1 1 1 1 1 1 1 1 1 1 1 1 1
Case #732: -1
Case #733: 18 2 2 2 2 2 2 2 2 2 2 2 3 3 5 5 1 1 1
Case #734: 20 2 2 2 2 2 2 2 3 7 7 1 1 1 1 1 1 1 1 1 1
Case #735: 23 2 2 2 2 2 2 5 5 5 1 1 1 1 1 1 1 1 1 1 1 1 1 1
Case #736: 19 3 3 3 3 3 3 3 3 3 5 1 1 1 1 1 1 1 1 1
Case #737: 15 2 2 2 2 2 2 3 3 5 13 1 1 1 1 1
Case #738: 10 2 3 3 3 5 11 11 1 1 1
Case #739: 17 2 2 2 2 2 2 7 13 1 1 1 1 1 1 1 1 1
Case #740: 23 2 2 2 2 2 2 2 2 2 2 3 3 5 1 1 1 1 1 1 1 1 1 1
Case #741: 16 2 2 2 2 2 3 3 3 3 5 5 5 1 1 1 1
Case #742: 14 2 2 2 2 2 3 3 3 3 5 11 1 1 1
Case #743: 23 2 2 2 2 3 7 7 1 1 1 1 1 1 1 1 1 1 1 1 1 1 1 1
Case #744: 23 2 2 3 3 3 5 7 1 1 1 1 1 1 1 1 1 1 1 1 1 1 1 1
Case #745: 12 2 3 3 5 5 5 13 1 1 1 1 1
Case #746: 26 2 2 2 2 2 3 3 7 1 1 1 1 1 1 1 1 1 1 1 1 1 1 1 1 1 1
Case #747: 17 2 2 3 3 5 5 5 7 1 1 1 1 1 1 1 1 1
Case #748: 23 2 2 2 2 2 2 2 2 2 2 2 2 3 5 1 1 1 1 1 1 1 1 1
Case #749: 23 2 2 2 2 2 2 2 2 3 3 3 5 1 1 1 1 1 1 1 1 1 1 1
Case #750: 15 2 2 3 3 3 3 3 3 5 5 5 1 1 1 1
Case #751: 13 2 2 2 2 3 3 3 5 5 11 1 1 1
Case #752: 20 2 2 2 3 3 3 3 3 5 5 1 1 1 1 1 1 1 1 1 1
Case #753: 20 2 2 2 2 2 3 3 3 3 5 5 1 1 1 1 1 1 1 1 1
Case #754: 25 3 3 3 3 3 7 1 1 1 1 1 1 1 1 1 1 1 1 1 1 1 1 1 1 1
Case #755: -1
Case #756: 16 2 2 2 2 2 2 2 3 3 5 11 1 1 1 1 1
Case #757: -1
Case #758: 18 2 2 2 2 2 2 2 3 3 3 3 5 5 1 1 1 1 1
Case #759: 13 2 2 3 3 3 3 3 17 1 1 1 1 1
Case #760: 20 2 2 2 2 2 2 2 2 2 2 2 3 3 3 5 1 1 1 1 1
Case #761: 17 2 2 2 2 3 3 3 3 3 5 7 1 1 1 1 1 1
Case #762: 21 2 2 3 3 3 3 11 1 1 1 1 1 1 1 1 1 1 1 1 1 1
Case #763: 16 2 2 2 2 2 2 2 3 3 3 5 5 5 1 1 1
Case #764: -1
Case #765: 21 2 2 2 2 2 2 3 7 7 1 1 1 1 1 1 1 1 1 1 1 1
Case #766: 34 2 2 2 2 2 3 1 1 1 1 1 1 1 1 1 1 1 1 1 1 1 1 1 1 1 1 1 1 1 1 1 1 1 1
Case #767: 22 2 2 2 2 2 2 2 3 3 3 3 5 1 1 1 1 1 1 1 1 1 1
Case #768: 34 2 2 2 5 1 1 1 1 1 1 1 1 1 1 1 1 1 1 1 1 1 1 1 1 1 1 1 1 1 1 1 1 1 1
Case #769: 27 2 2 2 2 2 2 3 3 3 3 1 1 1 1 1 1 1 1 1 1 1 1 1 1 1 1 1
Case #770: 22 2 2 2 2 2 2 2 2 2 2 2 3 3 3 3 1 1 1 1 1 1 1
Case #771: -1
Case #772: 25 2 2 2 2 2 2 2 2 2 2 2 2 5 1 1 1 1 1 1 1 1 1 1 1 1
Case #773: 17 2 2 3 3 5 5 11 1 1 1 1 1 1 1 1 1 1
Case #774: 17 2 2 2 2 2 2 3 3 3 13 1 1 1 1 1 1 1
Case #775: 18 2 2 2 3 3 3 3 3 5 7 1 1 1 1 1 1 1 1
Case #776: -1
Case #777: 26 2 2 2 2 2 2 2 3 3 5 1 1 1 1 1 1 1 1 1 1 1 1 1 1 1 1
Case #778: -1
Case #779: 15 2 2 3 3 3 3 3 3 3 11 1 1 1 1 1
Case #780: 24 2 2 2 2 2 2 2 3 5 5 1 1 1 1 1 1 1 1 1 1 1 1 1 1
Case #781: -1
Case #782: 15 2 2 2 2 2 2 3 5 5 11 1 1 1 1 1
Case #783: 30 2 3 3 7 1 1 1 1 1 1 1 1 1 1 1 1 1 1 1 1 1 1 1 1 1 1 1 1 1 1
Case #784: -1
Case #785: 23 2 2 2 2 3 3 5 7 1 1 1 1 1 1 1 1 1 1 1 1 1 1 1
Case #786: 19 7 17 1 1 1 1 1 1 1 1 1 1 1 1 1 1 1 1 1
Case #787: 13 2 2 2 2 2 2 3 11 11 1 1 1 1
Case #788: 14 2 2 2 2 2 3 3 3 7 11 1 1 1 1
Case #789: 24 2 2 2 2 2 2 2 2 2 3 3 5 1 1 1 1 1 1 1 1 1 1 1 1
Case #790: 25 5 13 1 1 1 1 1 1 1 1 1 1 1 1 1 1 1 1 1 1 1 1 1 1 1
Case #791: -1
Case #792: 21 2 2 2 2 2 2 3 5 5 5 1 1 1 1 1 1 1 1 1 1 1
Case #793: 23 3 17 1 1 1 1 1 1 1 1 1 1 1 1 1 1 1 1 1 1 1 1 1
Case #794: -1
Case #795: 13 2 2 3 3 5 7 7 7 1 1 1 1 1
Case #796: -1
Case #797: 16 2 2 2 3 3 7 13 1 1 1 1 1 1 1 1 1
Case #798: -1
Case #799: -1
Case #800: 20 2 2 2 2 2 2 2 2 2 3 3 5 5 1 1 1 1 1 1 1
Case #801: 25 2 2 2 2 2 2 3 3 3 5 1 1 1 1 1 1 1 1 1 1 1 1 1 1 1
Case #802: -1
Case #803: 17 2 2 2 2 2 2 2 2 2 2 2 2 3 5 7 1 1
Case #804: 16 2 2 2 2 2 3 3 3 3 3 11 1 1 1 1 1
Case #805: 30 2 2 2 2 2 2 2 5 1 1 1 1 1 1 1 1 1 1 1 1 1 1 1 1 1 1 1 1 1 1
Case #806: 15 2 2 2 2 2 2 2 2 2 2 3 5 11 1 1
Case #807: -1
Case #808: 12 2 2 2 3 7 7 7 7 1 1 1 1
Case #809: 25 7 11 1 1 1 1 1 1 1 1 1 1 1 1 1 1 1 1 1 1 1 1 1 1 1
Case #810: 16 2 2 2 5 5 5 11 1 1 1 1 1 1 1 1 1
Case #811: -1
Case #812: 17 3 23 1 1 1 1 1 1 1 1 1 1 1 1 1 1 1
Case #813: -1
Case #814: 22 2 2 2 3 3 5 5 5 1 1 1 1 1 1 1 1 1 1 1 1 1 1
Case #815: 19 2 2 2 2 2 2 2 2 3 3 3 5 5 1 1 1 1 1 1
Case #816: 14 2 2 2 2 2 3 5 5 5 5 5 1 1 1
Case #817: 21 2 2 3 3 3 3 5 7 1 1 1 1 1 1 1 1 1 1 1 1 1
Case #818: 20 2 2 2 2 2 2 2 3 3 3 5 5 1 1 1 1 1 1 1 1
Case #819: 18 2 3 3 5 5 5 7 1 1 1 1 1 1 1 1 1 1 1
Case #820: 23 7 13 1 1 1 1 1 1 1 1 1 1 1 1 1 1 1 1 1 1 1 1 1
Case #821: 20 2 2 2 2 2 2 2 2 2 3 3 3 7 1 1 1 1 1 1 1
Case #822: 23 2 2 2 2 3 3 11 1 1 1 1 1 1 1 1 1 1 1 1 1 1 1 1
Case #823: 18 2 2 2 2 2 3 3 3 13 1 1 1 1 1 1 1 1 1
Case #824: 18 2 23 1 1 1 1 1 1 1 1 1 1 1 1 1 1 1 1
Case #825: -1
Case #826: 24 2 2 2 3 5 5 5 1 1 1 1 1 1 1 1 1 1 1 1 1 1 1 1 1
Case #827: -1
Case #828: 21 2 2 2 2 3 3 5 5 5 1 1 1 1 1 1 1 1 1 1 1 1
Case #829: 12 2 3 3 3 3 3 3 5 13 1 1 1
Case #830: 16 2 2 2 2 2 3 3 5 13 1 1 1 1 1 1 1
Case #831: -1
Case #832: 26 2 2 2 13 1 1 1 1 1 1 1 1 1 1 1 1 1 1 1 1 1 1 1 1 1 1
Case #833: 24 2 3 3 3 3 5 5 1 1 1 1 1 1 1 1 1 1 1 1 1 1 1 1 1
Case #834: 24 2 2 2 2 2 2 2 3 3 3 3 3 1 1 1 1 1 1 1 1 1 1 1 1
Case #835: 10 2 3 3 5 7 7 11 1 1 1
Case #836: 25 2 2 2 2 5 5 5 1 1 1 1 1 1 1 1 1 1 1 1 1 1 1 1 1 1
Case #837: 25 2 2 2 2 2 2 3 3 7 1 1 1 1 1 1 1 1 1 1 1 1 1 1 1 1
Case #838: 16 2 2 2 3 5 5 7 7 1 1 1 1 1 1 1 1
Case #839: 24 2 2 2 2 2 3 3 5 5 1 1 1 1 1 1 1 1 1 1 1 1 1 1 1
Case #840: -1
Case #841: 12 2 29 1 1 1 1 1 1 1 1 1 1
Case #842: 14 2 2 2 3 3 5 5 13 1 1 1 1 1 1
Case #843: 23 3 3 3 3 3 5 5 1 1 1 1 1 1 1 1 1 1 1 1 1 1 1 1
Case #844: 10 2 3 3 3 5 5 17 1 1 1
Case #845: 18 2 2 2 2 2 3 3 5 11 1 1 1 1 1 1 1 1 1
Case #846: 14 2 2 2 2 2 2 2 3 3 5 13 1 1 1
Case #847: 22 2 2 2 5 7 7 1 1 1 1 1 1 1 1 1 1 1 1 1 1 1 1
Case #848: -1
Case #849: 22 2 19 1 1 1 1 1 1 1 1 1 1 1 1 1 1 1 1 1 1 1 1
Case #850: 21 3 3 3 5 5 7 1 1 1 1 1 1 1 1 1 1 1 1 1 1 1
Case #851: 12 2 2 2 2 2 3 5 7 7 7 1 1
Case #852: 26 2 2 2 2 2 2 2 3 3 3 3 1 1 1 1 1 1 1 1 1 1 1 1 1 1 1
Case #853: 17 2 2 2 2 3 3 3 3 5 5 5 1 1 1 1 1 1
Case #854: -1
Case #855: -1
Case #856: 20 2 2 2 2 2 2 2 2 2 2 2 2 2 3 3 5 1 1 1 1
Case #857: 10 2 2 2 3 5 5 7 13 1 1
Case #858: 22 2 2 2 3 3 3 5 7 1 1 1 1 1 1 1 1 1 1 1 1 1 1
Case #859: 15 2 2 2 2 3 5 7 11 1 1 1 1 1 1 1
Case #860: 20 2 3 3 3 5 5 7 1 1 1 1 1 1 1 1 1 1 1 1 1
Case #861: 16 2 2 2 2 2 3 5 5 5 7 1 1 1 1 1 1
Case #862: 17 2 2 2 2 3 3 3 3 3 3 5 5 1 1 1 1 1
Case #863: 28 2 2 2 2 2 3 3 5 1 1 1 1 1 1 1 1 1 1 1 1 1 1 1 1 1 1 1 1
Case #864: 17 2 2 2 2 3 3 3 5 5 7 1 1 1 1 1 1 1
Case #865: 25 2 2 2 2 2 2 2 2 5 5 1 1 1 1 1 1 1 1 1 1 1 1 1 1 1
Case #866: 23 2 2 17 1 1 1 1 1 1 1 1 1 1 1 1 1 1 1 1 1 1 1 1
Case #867: 17 2 2 2 2 2 2 3 3 3 3 3 3 3 5 1 1 1
Case #868: -1
Case #869: 19 2 2 2 2 2 2 2 2 3 3 5 7 1 1 1 1 1 1 1
Case #870: 24 2 2 2 2 2 3 3 3 3 5 1 1 1 1 1 1 1 1 1 1 1 1 1 1
Case #871: 18 2 2 2 2 2 3 3 3 3 11 1 1 1 1 1 1 1 1
Case #872: 12 2 2 2 2 2 3 5 7 13 1 1 1
Case #873: -1
Case #874: 15 2 2 2 2 2 2 2 2 3 3 5 11 1 1 1
Case #875: 15 2 2 2 2 5 19 1 1 1 1 1 1 1 1 1
Case #876: 21 2 2 2 2 2 2 2 2 3 3 5 5 1 1 1 1 1 1 1 1 1
Case #877: 28 2 7 7 1 1 1 1 1 1 1 1 1 1 1 1 1 1 1 1 1 1 1 1 1 1 1 1 1
Case #878: 17 2 2 3 3 3 3 3 3 5 7 1 1 1 1 1 1 1
Case #879: 19 2 2 3 3 5 5 5 5 1 1 1 1 1 1 1 1 1 1 1
Case #880: 19 2 2 3 3 3 5 11 1 1 1 1 1 1 1 1 1 1 1 1
Case #881: 16 2 2 2 3 3 7 7 7 1 1 1 1 1 1 1 1
Case #882: 12 2 2 2 2 2 3 3 11 11 1 1 1
Case #883: 21 2 2 3 5 5 5 5 1 1 1 1 1 1 1 1 1 1 1 1 1 1
Case #884: 19 2 2 2 2 2 2 2 2 2 2 3 3 3 7 1 1 1 1 1
Case #885: 31 2 2 3 3 5 1 1 1 1 1 1 1 1 1 1 1 1 1 1 1 1 1 1 1 1 1 1 1 1 1 1
Case #886: 25 2 2 2 2 3 3 5 5 1 1 1 1 1 1 1 1 1 1 1 1 1 1 1 1 1
Case #887: 22 2 2 2 2 2 2 2 3 3 3 3 3 3 1 1 1 1 1 1 1 1 1
Case #888: 28 2 3 11 1 1 1 1 1 1 1 1 1 1 1 1 1 1 1 1 1 1 1 1 1 1 1 1 1
Case #889: 19 2 2 2 2 2 2 2 2 2 2 5 5 5 1 1 1 1 1 1
Case #890: 19 2 2 2 2 2 2 2 2 3 5 5 5 1 1 1 1 1 1 1
Case #891: -1
Case #892: 19 2 2 2 2 2 2 2 2 2 2 3 3 5 5 1 1 1 1 1
Case #893: -1
Case #894: 12 2 2 2 3 5 5 5 5 5 5 1 1
Case #895: 21 2 2 2 2 3 5 5 7 1 1 1 1 1 1 1 1 1 1 1 1 1
Case #896: 12 2 2 2 2 2 3 3 5 17 1 1 1
Case #897: 26 2 2 2 2 2 3 3 3 3 3 1 1 1 1 1 1 1 1 1 1 1 1 1 1 1 1
Case #898: -1
Case #899: -1
Case #900: 17 2 2 2 2 2 2 3 3 3 3 3 5 5 1 1 1 1
Case #901: 20 2 2 2 2 2 2 2 5 11 1 1 1 1 1 1 1 1 1 1 1
Case #902: 21 3 3 5 5 5 5 1 1 1 1 1 1 1 1 1 1 1 1 1 1 1
Case #903: -1
Case #904: 25 2 2 2 2 2 2 2 2 2 2 2 2 2 2 2 2 1 1 1 1 1 1 1 1 1
Case #905: 15 2 2 2 2 2 2 2 2 3 5 5 5 5 1 1
Case #906: 14 2 3 3 3 3 5 5 11 1 1 1 1 1 1
Case #907: -1
Case #908: 18 2 2 2 2 2 3 3 3 3 3 3 3 5 1 1 1 1 1
Case #909: 20 2 2 2 3 3 3 3 3 3 3 5 1 1 1 1 1 1 1 1 1
Case #910: 23 2 2 2 2 2 2 3 5 7 1 1 1 1 1 1 1 1 1 1 1 1 1 1
Case #911: 17 2 2 2 2 3 5 5 5 7 1 1 1 1 1 1 1 1
Case #912: 15 2 2 2 2 3 3 5 5 11 1 1 1 1 1 1
Case #913: 22 2 2 2 2 2 2 2 3 3 5 5 1 1 1 1 1 1 1 1 1 1 1
Case #914: 26 2 2 2 2 2 3 5 5 1 1 1 1 1 1 1 1 1 1 1 1 1 1 1 1 1 1
Case #915: 20 2 2 2 2 2 2 2 3 3 3 3 3 3 3 1 1 1 1 1 1
Case #916: -1
Case #917: 17 2 2 2 2 3 3 3 3 3 11 1 1 1 1 1 1 1
Case #918: 13 2 2 2 2 2 2 3 5 17 1 1 1 1
Case #919: 24 2 2 2 2 2 2 2 2 2 2 2 7 1 1 1 1 1 1 1 1 1 1 1 1
Case #920: -1
Case #921: 17 2 2 3 5 7 11 1 1 1 1 1 1 1 1 1 1 1
Case #922: 22 2 2 2 2 2 2 2 2 2 2 2 2 2 2 2 5 1 1 1 1 1 1
Case #923: 16 2 2 2 2 2 3 19 1 1 1 1 1 1 1 1 1
Case #924: 22 2 2 2 2 2 2 2 2 2 3 3 3 3 3 1 1 1 1 1 1 1 1
Case #925: 27 2 2 3 3 5 5 1 1 1 1 1 1 1 1 1 1 1 1 1 1 1 1 1 1 1 1 1
Case #926: 35 2 2 3 3 1 1 1 1 1 1 1 1 1 1 1 1 1 1 1 1 1 1 1 1 1 1 1 1 1 1 1 1 1 1 1
Case #927: 20 2 2 2 3 3 3 3 11 1 1 1 1 1 1 1 1 1 1 1 1
Case #928: 15 2 2 2 2 3 3 3 5 7 7 1 1 1 1 1
Case #929: 25 2 2 2 2 3 3 3 3 3 3 1 1 1 1 1 1 1 1 1 1 1 1 1 1 1
Case #930: -1
Case #931: 31 3 5 5 1 1 1 1 1 1 1 1 1 1 1 1 1 1 1 1 1 1 1 1 1 1 1 1 1 1 1 1
Case #932: 21 2 2 2 2 2 2 2 2 5 5 5 1 1 1 1 1 1 1 1 1 1
Case #933: 8 2 2 2 3 29 1 1 1
Case #934: 21 2 2 2 2 2 2 2 2 3 5 7 1 1 1 1 1 1 1 1 1 1
Case #935: 22 2 2 2 2 2 2 2 3 3 3 7 1 1 1 1 1 1 1 1 1 1 1
Case #936: 20 2 3 3 3 3 7 7 1 1 1 1 1 1 1 1 1 1 1 1 1
Case #937: 35 2 2 2 2 2 2 1 1 1 1 1 1 1 1 1 1 1 1 1 1 1 1 1 1 1 1 1 1 1 1 1 1 1 1 1
Case #938: -1
Case #939: 21 2 2 2 2 2 2 2 2 2 2 3 3 3 3 3 1 1 1 1 1 1
Case #940: 21 2 2 2 2 2 2 2 2 2 2 2 2 2 2 3 5 1 1 1 1 1
Case #941: 18 2 2 2 2 2 3 17 1 1 1 1 1 1 1 1 1 1 1
Case #942: 19 2 2 2 2 3 3 5 11 1 1 1 1 1 1 1 1 1 1 1
Case #943: -1
Case #944: 26 2 3 3 5 7 1 1 1 1 1 1 1 1 1 1 1 1 1 1 1 1 1 1 1 1 1
Case #945: 16 2 2 2 3 3 3 5 13 1 1 1 1 1 1 1 1
Case #946: 16 2 2 2 3 3 3 3 3 3 3 3 3 5 1 1 1
Case #947: 32 2 5 5 1 1 1 1 1 1 1 1 1 1 1 1 1 1 1 1 1 1 1 1 1 1 1 1 1 1 1 1 1
Case #948: 24 2 2 2 2 2 2 2 3 3 7 1 1 1 1 1 1 1 1 1 1 1 1 1 1
Case #949: -1
Case #950: 17 2 2 7 7 11 1 1 1 1 1 1 1 1 1 1 1 1
Case #951: -1
Case #952: -1
Case #953: 21 2 2 2 2 2 2 2 2 3 11 1 1 1 1 1 1 1 1 1 1 1
Case #954: 24 2 2 2 2 2 2 2 2 2 2 2 2 2 5 1 1 1 1 1 1 1 1 1 1
Case #955: 32 2 3 7 1 1 1 1 1 1 1 1 1 1 1 1 1 1 1 1 1 1 1 1 1 1 1 1 1 1 1 1 1
Case #956: 20 2 2 2 2 2 3 5 5 7 1 1 1 1 1 1 1 1 1 1 1
Case #957: 18 2 2 2 2 2 3 3 3 3 5 7 1 1 1 1 1 1 1
Case #958: 15 2 2 2 2 2 2 3 3 5 7 7 1 1 1 1
Case #959: 16 2 2 2 3 3 5 5 11 1 1 1 1 1 1 1 1
Case #960: 18 2 3 3 3 5 13 1 1 1 1 1 1 1 1 1 1 1 1
Case #961: 19 2 2 2 2 3 3 3 3 3 3 3 5 1 1 1 1 1 1 1
Case #962: 22 2 2 2 3 3 7 7 1 1 1 1 1 1 1 1 1 1 1 1 1 1 1
Case #963: 10 2 3 3 5 23 1 1 1 1 1
Case #964: 20 2 5 17 1 1 1 1 1 1 1 1 1 1 1 1 1 1 1 1 1
Case #965: 19 5 19 1 1 1 1 1 1 1 1 1 1 1 1 1 1 1 1 1
