965
69888
281250
47473
969
35280
8100
56
11016
1920
688978813
5280
4752
994617
546
5767201
331776
142884
31200
58800
44
12000
168000
103680
49392
54880
864
50000
194241
38497
65610
518400
12240
13122
41472
54
98304
13680
5304
127008
104976
14
180000
567
16
4608
9489
474
2618049
2160
48384
3375
442368
782
99
89600
29
161280
3240
122
8960
307200
117
625433749
33401221
8
1008
393216
457481
7056
6930
76
1001
52920
589824
58054077
97200
408240
23
6037
78000
44928
122877509
8372259
986129769
4
3024
133650
13440
86
4560
38880
15400
55296
6480
19200
216
81
1817
134400
5297
35503
3509575
216000
17424
105
62
34944
110250
7897861
63
147456
217728
5600
64680
934
14400
92400
129024
2707
63000
576
125440
1530
33696
4800
235200
16464
257
9180
621008
60480
926315427
74088
673921
5120
184320
524288
614400
4914
3900
491520
4680
1800
78750
21952
1134
95256
83160
110
41580
32768
72
192000
2
50688
221184
34020
3157819
3
84240
999999937
459270
559
393660
89
466560
135000
113
517759
48
124
3360
4488
82268566
109
5073
67584
123
21840
20328
345600
53940
105600
1904
2730
900360029
99840
2403381
3960
42120
22176
360000
5200
813
202500
78
6541551
11
768
4374
112
29700
84579
111
21
8550
30240
25490988
69120
373248
8772
34
76800
2431
57
301056
50544
746803744
81920
29160
73728
30
29952
7025
24
2592
85050
1764
76032
12288
176400
2640
256000
11085765
49280
1215
552960
67200
4675
8624
362880
30720
88
62208
21168
225792
13500
1000000
112000
5721
100800
12544
49500
25600
112896
114688
186624
816
2430
10752
61966
32
244944
641
8320
504
4943
125
60000
2520
805306368
101
43740
536870912
10560
473
21000
59136
54432
6300
23760
37
268800
646
24300
33108
12800
72000
540
587234
11264
214573
66150
20160
44800
240000
2100
792
32256
998244353
131
43200
4896
63180
2200
323
420
26
47520
5657
32805
15680
33792
36960
10000
47628
120000
8976
21383
5346
983900459
9216
5000
57024
8015864
2736
25200
1620
118272
129600
16000
108
300
17136
30030
194400
75264
95040
510205
59
1100
3312
4480
391
3371
524880
8347
71805
36864
15288
361
32076
6765
172032
20
71280
4410
9
25920
49
19
53760
181440
192
198450
5250
336000
51030
99000
15876
7
80
441
16380
145800
28000
1056
10240
81648
912
964532929
129
50400
10800
5601
115248
4536
139968
52
72900
1680
110592
23814
241920
18240
17920
665
87
2025
6750
25
8660
14688
84
270000
204120
138240
21870
1728
196608
633
28
46464
9425
17
8316
16128
18
24750
27184698
1890
94080
448
153600
22
7290
81000
15
725573
70
121
700
29484
3168
19656
2268
5616
6840
7680
33
2688
85881
55
1386
7296
282791
80949857
17820
32400
2720
10080
15390
1600
145152
122880
486000
288
60
215040
362
5808
311040
31590
13860
21504
5
150000
22848
31752
92
88704
2600
85
103
314928
193
3456
63504
101250
5044
655360
115
6
121500
8208
41600
72576
21384
1615
12672
660
64152
12768
17550
67893369
92160
20000
2310
70560
294912
36283838
79548
226800
33750
10
1323
23100
15552
106
31680
26460
157464
94500
45360
4655
20592
233280
9504
179200
236250
12096
25002
58320
49896
1512
34300
38016
93
672
201600
79200
57344
69984
949106497
1671
8424
14112
7390
3584
84480
200000
155520
38400
48000
583200
346742385
4788
34111
9800
7389
67500
27720
16200
211680
2097152
150528
21600
3645
70400
1048576
107520
1944
622080
163296
48238
19008
414720
92317161
35640
90
86016
28080
5400
1836
2250
405000
971866761
73
6804
9240
27000
3072
31
20736
74
52416
40824
472392
9827
39936
13230
5016
3264
64922375
29120
49152
132000
302400
108000
12150
35
17280
22680
4704
54000
52488
1848
47040
64512
468
170100
182250
2560
94
3696
5376
77760
2304
19440
45
56448
59400
105000
24576
37800
4320
697106497
1500
15120
9100
45000
1
4312
3864
33600
2376
35100
14560
56700
49000
8250
281
501
224
42336
7455307
89100
288000
7392
131220
40320
108864
14700
786432
27456
12348
13
1000000000
116640
100696425
938017885
189
4200
16224
70200
70000
4160
116
252000
967669583
4158
13824
56160
17640
5520
13056
322560
123480
989447237
207360
91857
306180
131980
589833267
4000
12870
9409159
132300
49920
144000
32640
243000
209952
395
272160
169344
340200
1260
10710
160
262440
2340
810
3120
226151256
904152917
7785
23328
135
2940
18432
28672
120
82944
999999998
128
40950
546750
42105
79
1001604
8748
6144
27216
396
151200
653477439
10500
10260
2880
102
4173641
460800
18816
8000
98415
37440
32670
5824
46080
324000
142560
2352
3780
29250
2016
31500
61440
34560
364500
118800
48600
64800
1701
4539685
63360
43
259200
16524
276480
136080
3564
432000
961175759
9408
96
51840
40
5184
165888
30973
20480
9900
22464
68040
482421315
5760
23115571
96228
9600
107
52800
126
987
5040
119
23232
66528
23040
65
53
24000
51
118
61740
42755209
6552
85712697
47
115200
8640
6399199
430080
85536
640
168960
97
57624
77
11000
70235461
69
432255
9000
172800
300000
11340
86400
15750
91
96768
1584
11232
46
476014
3000
409342369
18000
94770
18720
999999999
104
4050
31104
48510
2000
4032
29400
7200
922505446
58
23400
6075
22950
15840
74880
1960
981028563
38
4725
164640
10368
162000
916855204
1249
368640
54600
7560
18480
9450
84000
291600
1440
75600
6400
68
699840
4733
80640
12960
28512
43680
519
126720
1520
57600
98
102060
22500
5940
24696
34848
7500
193536
180
3600
93312
66
128000
96000
71
230400
1741
375000
8400
24480
7776
127
83
388800
7040
5625
322081025
65536
480000
44550
998506315
349920
87480
6720
42000
39600
28800
2400
279936
2906162
42768
16320
14336
8087519
4620
163840
1824
124416
900
36
7128
105840
11664
67
75
32000
696
26880
24192
7938
64
118263990
248832
245760
1632
7920
954158175
630
14040
787320
50
8064
957262828
2156
47958485
8826131
8448
40960
42
16800
90720
141120
19800
3510
174960
3528
2070
170
95
