1
2 1
6
1 3
2 3
4 3
3 4
2 3
1 2
4
2 1
3 2
4 3
5 4
7
2 1
3 2
4 3
5 4
6 5
7 6
8 7
7
1 5
2 5
4 5
4 5
3 4
2 3
1 2
14
1 10
2 10
3 10
4 10
5 10
9 10
8 9
7 8
6 7
5 6
4 5
3 4
2 3
1 2
10
4 2
5 2
6 2
7 2
2 1
3 2
4 3
5 4
6 5
7 6
2
2 1
3 2
27
2 12
4 12
6 12
8 12
11 12
13 12
17 12
18 12
2 1
3 2
4 3
5 4
6 5
7 6
8 7
9 8
10 9
11 10
12 11
13 12
14 13
15 14
16 15
17 16
18 17
19 18
20 19
31
1 20
2 20
3 20
6 20
8 20
10 20
11 20
12 20
14 20
15 20
17 20
19 20
2 1
3 2
4 3
5 4
6 5
7 6
8 7
9 8
10 9
11 10
12 11
13 12
14 13
15 14
16 15
17 16
18 17
19 18
20 19
